D: 1.9e-09
D_gas_RTP: null
H_0: 0.004788235294117647
M: 28.054
T_c: 2087.5
density_RTP: null
dynamic_viscosity: 1.05e-05
formula: null
molecule_diameter: 4.163e-10
name: C2H4
primary: M28
sigma:
  '100': 4.974
  '70': 5.115
spectrum:
  M12: 0.500050005001
  M13: 0.900090009001
  M14: 2.100210021
  M15: 0.300030003
  M2: 0.100010001
  M24: 2.300230023
  M25: 7.81078107811
  M26: 52.9552955296
  M27: 62.3662366237
  M28: 100.0
  M29: 2.300230023
  M30: 0.100010001
thermo:
  S0:
    gas: 219.3
  dfH0:
    gas: 52.4
