D: 1.92e-09
D_gas_RTP: 5.8e-05
H_0: 0.035272727272727275
M: 44.009
T_c: 2378.9473684210525
density_RTP: 1.977
dynamic_viscosity: 1.5000000000000002e-05
formula: null
molecule_diameter: 4.53e-10
name: CO2
primary: M44
sigma:
  '100': 3.735
spectrum:
  M12: 8.71087108711
  M16: 9.61096109611
  M22: 1.900190019
  M28: 9.81098109811
  M29: 0.100010001
  M44: 100.0
  M45: 1.200120012
  M46: 0.400040004
thermo:
  S0:
    gas: 213.8
  dfH0:
    gas: -393.5
